4
1
3
V 1
16
torch.CudaTensor
2
1 196
196 1
1
4
2
3
V 1
17
torch.CudaStorage
196
0.000544246694 0.00187431264 0.0146366628 0.0303369071 0.0215436872 0.00360526727 0.00125400349 0.00210893713 0.00318668666 0.0117087895 0.0036104843 0.00332129025 0.0492811948 0.0198962949 0.000633190328 0.0017518953 0.00228344137 0.00171208289 0.00212072791 0.00182925025 0.00609212322 0.00357902399 0.00149890606 0.00347246206 0.00193058758 0.00395568414 0.0274734441 0.0307063609 0.0107941581 0.00902598724 0.000786326127 0.00236270181 0.00433119945 0.00211961358 0.00234398036 0.00196789228 0.0014831986 0.00325361919 0.00383309624 0.00127137266 0.00113986863 0.0144357653 0.000865161186 0.00340188667 0.000351271679 0.000409547152 0.000263949594 0.00023648153 0.000190495237 0.000402506441 0.000702014426 0.000956456992 0.000371451722 0.000979448319 0.000367475091 0.00219352008 0.000302135217 0.000685630424 0.000818676141 0.0026753461 0.00027340668 0.000346246175 0.000235164116 0.00316942949 0.0398771204 0.00138909183 0.00197742111 0.000784521108 0.000902019267 0.00154285936 0.000472846616 0.00337585248 0.0051178392 0.00610831426 0.000649391732 0.000553164398 0.000622345135 0.00117230322 0.00054085243 0.00171376497 0.00808047131 0.000915344048 0.00118232425 0.00103158224 0.000912655029 0.0293647535 0.0282980353 0.000516744331 0.000415816176 0.000428923551 0.000573981728 0.000715185946 0.000691841531 0.0601227172 0.0339152068 0.00251357397 0.0053288471 0.00453091646 0.0093914289 0.0185556915 0.00196048827 0.000241998277 0.000396076561 0.000210635073 0.00138854934 0.000931041432 0.000310508272 0.0017571724 0.00929595158 0.00900817383 0.00313775265 0.00128105097 0.00604956178 0.007109283 0.00418467401 0.000309529831 0.000603517808 0.00035815555 0.00173990766 0.00126101729 0.000292645331 0.000234228137 0.00162336719 0.0189931672 0.00950893108 0.00200559897 0.00603475794 0.0033494134 0.00152133068 0.00045521342 0.000666069158 0.00373561354 0.0101539753 0.00286518852 0.000462844619 0.000710806285 0.00411353679 0.0159374662 0.0142670358 0.00252396008 0.00797976553 0.00438043941 0.000667001063 0.000383504201 0.000741750526 0.0120410975 0.00805701222 0.00808821525 0.000873395242 0.000937989855 0.0190135185 0.0144028394 0.00897190813 0.00212982786 0.00858099665 0.000776459521 0.00255437125 0.00334191043 0.0130074527 0.0156288855 0.00983308256 0.00743869785 0.00432673655 0.000341059611 0.00239390437 0.00815888308 0.00353038311 0.0017680556 0.00707278168 0.000586005161 0.0015795232 0.00831492338 0.00294739823 0.00102615263 0.00170502346 0.0130391782 0.00187708565 0.000392670598 0.000621624989 0.00181661022 0.00361328991 0.000632259937 0.0025821568 0.000767889374 0.00333849457 0.00105121289 0.000912805903 0.000553274644 0.000920996128 0.00596806128 0.00152494886 0.000750597101 0.00206374819 0.00168862659 0.00132230751 0.000410984125
