[?1034himage_model/VGG_ILSVRC_19_layers_deploy.prototxt	image_model/VGG_ILSVRC_19_layers.caffemodel	cudnn	
Successfully loaded image_model/VGG_ILSVRC_19_layers.caffemodel
conv1_1: 64 3 3 3
conv1_2: 64 64 3 3
conv2_1: 128 64 3 3
conv2_2: 128 128 3 3
conv3_1: 256 128 3 3
conv3_2: 256 256 3 3
conv3_3: 256 256 3 3
conv3_4: 256 256 3 3
conv4_1: 512 256 3 3
conv4_2: 512 512 3 3
conv4_3: 512 512 3 3
conv4_4: 512 512 3 3
conv5_1: 512 512 3 3
conv5_2: 512 512 3 3
conv5_3: 512 512 3 3
conv5_4: 512 512 3 3
fc6: 1 1 25088 4096
fc7: 1 1 4096 4096
fc8: 1 1 4096 1000
Load the weight...	
total number of parameters in cnn_model: 	20024384	
total number of parameters in word_level: 	8031747	
total number of parameters in phrase_level: 	2889219	
total number of parameters in ques_level: 	5517315	
constructing clones inside the ques_level	
total number of parameters in recursive_attention: 	2862056	
word	
Columns 1 to 10
0.01 *
  0.5321  0.2539  0.2514  0.3287  0.2783  0.8305  0.6685  0.5898  0.1462  0.1922

Columns 11 to 20
0.01 *
  0.1908  0.3476  0.2329  0.1802  0.7209  1.0138  1.0092  0.9626  0.8177  1.2837

Columns 21 to 30
0.01 *
  1.5201  1.3964  0.5401  0.1468  0.1993  0.5414  0.5142  0.3514  0.6071  0.5219

Columns 31 to 40
0.01 *
  0.9050  0.9100  0.3242  1.6312  1.3878  0.7790  0.3420  0.3888  0.2349  0.3812

Columns 41 to 50
0.01 *
  0.2413  0.3201  0.2459  0.4977  0.5832  0.4747  0.4064  1.4257  0.3314  0.3511

Columns 51 to 60
0.01 *
  1.0173  1.2285  1.0161  0.6100  0.4510  0.3859  0.1873  0.2061  0.2318  0.0995

Columns 61 to 70
0.01 *
  0.2759  1.2772  0.5630  0.5824  0.8314  1.3492  1.2219  1.0735  1.0217  0.4748

Columns 71 to 80
0.01 *
  0.5622  0.5817  0.3534  0.1938  0.7131  1.0238  0.8248  0.4251  0.3249  1.5696

Columns 81 to 90
0.01 *
  0.2609  0.5384  0.6550  0.7714  0.6374  0.2841  0.2842  0.6910  0.6979  0.8842

Columns 91 to 100
0.01 *
  0.7595  0.4824  0.2569  0.3156  0.2308  0.2220  0.7116  1.0692  0.1792  0.2237

Columns 101 to 110
0.01 *
  0.3093  0.8118  0.9756  0.8956  0.6612  0.5201  0.3175  0.2963  0.2158  0.2101

Columns 111 to 120
0.01 *
  0.2112  0.1664  0.1472  0.2288  0.5174  0.3872  0.4312  0.7100  1.0930  0.6983

Columns 121 to 130
0.01 *
  0.3306  0.3045  0.5591  0.2695  0.2266  0.2053  0.1655  0.3142  0.7392  0.6495

Columns 131 to 140
0.01 *
  0.3542  0.3954  0.2817  0.2364  0.3224  0.5317  0.3848  0.2374  0.2705  0.1146

Columns 141 to 150
0.01 *
  0.1229  0.3449  0.7553  0.3555  0.2785  0.2241  0.2213  0.2179  0.5238  0.4084

Columns 151 to 160
0.01 *
  0.3829  0.2356  0.2296  0.2095  0.3746  0.9083  0.6283  1.2034  0.4508  0.2371

Columns 161 to 170
0.01 *
  0.1730  0.3837  0.3687  0.2725  0.4890  0.5157  0.1325  0.2023  0.9398  0.8921

Columns 171 to 180
0.01 *
  1.1461  0.4242  0.3752  0.2964  0.3217  0.2300  0.6674  0.5694  0.9151  0.8048

Columns 181 to 190
0.01 *
  0.1379  0.1454  0.6525  0.7641  0.7228  0.2805  0.1287  0.1775  0.1614  0.2427

Columns 191 to 196
0.01 *
  0.2600  0.2241  0.3066  0.1447  0.1458  0.2118
[torch.CudaTensor of size 1x196]

phrase	
Columns 1 to 10
0.01 *
  0.3482  0.1870  0.3808  0.3562  0.1872  1.2622  0.9284  0.5679  0.0769  0.1206

Columns 11 to 20
0.01 *
  0.0775  0.0872  0.4592  0.1942  0.1863  0.8056  3.5805  2.6272  1.8091  2.8001

Columns 21 to 30
0.01 *
  4.7946  3.3957  2.6636  0.0696  0.0559  0.0982  0.4817  0.2737  0.1603  0.0697

Columns 31 to 40
0.01 *
  1.4061  1.3289  0.5447  3.9730  3.0747  2.9443  1.0618  0.2282  0.0998  0.4480

Columns 41 to 50
0.01 *
  0.3317  0.0633  0.2119  0.3342  0.2242  0.3577  0.3169  0.8165  0.1536  0.4601

Columns 51 to 60
0.01 *
  0.3827  0.9208  0.4824  0.2409  0.2197  0.0936  0.3057  0.1927  0.2213  0.2221

Columns 61 to 70
0.01 *
  0.4669  0.5840  0.5582  0.4449  0.1939  1.1416  0.4860  0.3424  0.3560  0.1223

Columns 71 to 80
0.01 *
  0.4464  0.0680  0.1722  0.1098  0.6935  1.2294  0.9960  0.5299  0.1687  0.9073

Columns 81 to 90
0.01 *
  0.1003  0.1922  0.3053  0.3150  0.4194  0.1800  0.1204  0.7418  0.3637  0.9637

Columns 91 to 100
0.01 *
  1.3519  0.4745  0.2275  0.1758  0.1664  0.0626  0.1793  0.2513  0.2301  0.1154

Columns 101 to 110
0.01 *
  0.4199  0.3434  0.4577  0.2869  0.3517  0.4328  0.2601  0.4222  0.2619  0.2441

Columns 111 to 120
0.01 *
  0.1655  0.0722  0.2006  0.2177  0.2785  0.4672  0.9053  0.2866  0.4415  0.7709

Columns 121 to 130
0.01 *
  0.5919  0.5555  0.2485  0.2996  0.2443  0.1426  0.4045  0.4433  0.2388  0.6817

Columns 131 to 140
0.01 *
  0.7037  0.1433  0.1323  0.2130  0.5813  1.4294  0.4895  0.2083  0.3185  0.1750

Columns 141 to 150
0.01 *
  0.3146  0.3182  0.8348  0.4966  0.4363  0.1277  0.3588  0.1228  0.8335  0.5497

Columns 151 to 160
0.01 *
  0.1530  0.1919  0.2225  0.1867  0.1350  0.5141  0.6953  0.7291  0.1704  0.1458

Columns 161 to 170
0.01 *
  0.1045  0.2229  0.1377  0.3469  0.4160  0.1171  0.1317  0.3785  0.4872  0.4182

Columns 171 to 180
0.01 *
  0.4992  0.0641  0.0784  0.0611  0.1346  0.1835  0.5652  0.5630  0.4337  0.8381

Columns 181 to 190
0.01 *
  0.3522  0.1667  0.4607  0.2791  0.2320  0.1374  0.0692  0.0457  0.0350  0.0575

Columns 191 to 196
0.01 *
  0.2039  0.4043  0.3471  0.0541  0.0772  0.1078
[torch.CudaTensor of size 1x196]

question	
Columns 1 to 10
 0.0081  0.0005  0.0001  0.0001  0.0001  0.0131  0.0647  0.0154  0.0002  0.0002

Columns 11 to 20
 0.0001  0.0006  0.0002  0.0001  0.0104  0.0394  0.0631  0.0977  0.0538  0.0983

Columns 21 to 30
 0.0838  0.1109  0.0117  0.0001  0.0001  0.0002  0.0001  0.0001  0.0001  0.0001

Columns 31 to 40
 0.0009  0.0036  0.0008  0.0085  0.0381  0.0161  0.0164  0.0008  0.0001  0.0019

Columns 41 to 50
 0.0008  0.0001  0.0006  0.0006  0.0031  0.0011  0.0005  0.0011  0.0004  0.0008

Columns 51 to 60
 0.0118  0.0374  0.0344  0.0026  0.0013  0.0004  0.0019  0.0013  0.0001  0.0001

Columns 61 to 70
 0.0003  0.0042  0.0048  0.0005  0.0008  0.0029  0.0021  0.0025  0.0011  0.0007

Columns 71 to 80
 0.0054  0.0007  0.0002  0.0001  0.0003  0.0007  0.0029  0.0005  0.0004  0.0008

Columns 81 to 90
 0.0001  0.0024  0.0059  0.0055  0.0034  0.0001  0.0001  0.0004  0.0004  0.0007

Columns 91 to 100
 0.0010  0.0004  0.0002  0.0001  0.0001  0.0001  0.0002  0.0011  0.0001  0.0001

Columns 101 to 110
 0.0003  0.0026  0.0008  0.0006  0.0005  0.0017  0.0003  0.0004  0.0001  0.0001

Columns 111 to 120
 0.0001  0.0002  0.0002  0.0002  0.0003  0.0008  0.0027  0.0018  0.0023  0.0010

Columns 121 to 130
 0.0006  0.0004  0.0004  0.0002  0.0001  0.0002  0.0002  0.0002  0.0003  0.0008

Columns 131 to 140
 0.0010  0.0002  0.0001  0.0002  0.0011  0.0013  0.0002  0.0002  0.0002  0.0002

Columns 141 to 150
 0.0002  0.0003  0.0074  0.0033  0.0002  0.0001  0.0001  0.0001  0.0029  0.0055

Columns 151 to 160
 0.0002  0.0001  0.0001  0.0002  0.0003  0.0087  0.0029  0.0010  0.0001  0.0001

Columns 161 to 170
 0.0000  0.0001  0.0006  0.0018  0.0014  0.0001  0.0001  0.0003  0.0003  0.0046

Columns 171 to 180
 0.0025  0.0001  0.0001  0.0002  0.0001  0.0001  0.0003  0.0044  0.0036  0.0010

Columns 181 to 190
 0.0001  0.0003  0.0004  0.0004  0.0004  0.0004  0.0002  0.0002  0.0002  0.0002

Columns 191 to 196
 0.0003  0.0006  0.0004  0.0001  0.0002  0.0002
[torch.CudaTensor of size 1x196]

The answer is: red	
