4
1
3
V 1
16
torch.CudaTensor
2
1 196
196 1
1
4
2
3
V 1
17
torch.CudaStorage
196
0.00533013651 0.00253966032 0.00251829764 0.00329056359 0.00278596277 0.00831210427 0.0066971574 0.00591189926 0.00146532734 0.00192685041 0.00191057008 0.00348295807 0.00233433745 0.0018047489 0.00721500861 0.0101485867 0.0100898677 0.0096186297 0.00819517113 0.012832772 0.0151790902 0.0139384428 0.00540257618 0.00146969722 0.00199697027 0.00540581252 0.00514047919 0.00351879839 0.00607359502 0.00522766821 0.00906294771 0.00911573693 0.00324938959 0.01629222 0.0138363745 0.00778550794 0.00341567374 0.00390453986 0.00235609408 0.00381893967 0.00241700211 0.00320614083 0.00246219197 0.00498529943 0.00583662977 0.00474855769 0.00405270234 0.0142337894 0.00330305891 0.00351021346 0.0101509076 0.0122956447 0.0101686912 0.00609651767 0.00451126602 0.00386215863 0.00187370775 0.0020647971 0.00231464696 0.000996223767 0.00276042847 0.0127594322 0.0056386455 0.00582901901 0.00831208285 0.0134809511 0.0122198146 0.0107348226 0.0101996418 0.00475245947 0.00561772613 0.00582269067 0.00353758666 0.00194045599 0.00713871466 0.0102490634 0.0082469983 0.00425068894 0.00324968202 0.0156864766 0.00260992232 0.0053947093 0.006557188 0.00770866917 0.00638275081 0.00284836045 0.00284676976 0.00690468308 0.00697897887 0.00883749686 0.00756607065 0.00481848186 0.00256404676 0.00315711391 0.00231125578 0.00222266861 0.00711490866 0.0106844921 0.00179640518 0.00224021426 0.00309597491 0.00810979865 0.0097454302 0.00895155594 0.0066141868 0.00520552602 0.00317463465 0.00296596973 0.00216287887 0.00210276782 0.00211440702 0.00166886486 0.00147649553 0.00229161512 0.00517251855 0.00387150561 0.00430902932 0.00710898871 0.0109279854 0.0069806315 0.00330182398 0.00304501248 0.00558530027 0.0026985791 0.00227011833 0.00205678679 0.00165612565 0.0031423131 0.00739213033 0.00647949474 0.00354089472 0.00395654934 0.00281951716 0.00237098825 0.0032150906 0.00532302912 0.00384651986 0.0023769238 0.00270794402 0.00114968198 0.00123273034 0.00345256506 0.00754204812 0.00354579417 0.00278418628 0.00224340684 0.00221510394 0.00218092464 0.00522325234 0.00407889346 0.0038289607 0.00235857838 0.0022995628 0.00209840178 0.00375329121 0.00903829932 0.00626775809 0.0120210918 0.0045098695 0.00237747282 0.00173384952 0.00383902807 0.00369050307 0.00271659787 0.00488950079 0.00515695661 0.00132913247 0.00202866946 0.00938622095 0.00891326834 0.0114451079 0.00425085519 0.00375481113 0.00296740443 0.00322164735 0.00230609765 0.00667688064 0.00568385376 0.00914744567 0.00805223361 0.00138343545 0.00145706406 0.00653184671 0.00764335971 0.00722063147 0.00281121605 0.00129037991 0.0017781955 0.0016165626 0.00243151886 0.00260511436 0.00224146736 0.0030636224 0.00144947495 0.00146139704 0.00212279637
